Id,SalePrice
1292,107500
1018,160000
1213,145000
1430,192140
810,181000
477,380000
874,66500
505,124500
1418,124000
634,144000
1337,52500
752,217000
1405,275000
194,127000
240,262500
1276,162000
729,103000
1397,137500
1255,127500
49,127000
998,91000
411,145000
1246,186500
776,221500
581,253293
693,108480
77,127000
1381,237500
528,86000
44,141000
1195,176000
980,178400
993,173900
300,157000
1401,193000
1058,335000
276,201000
467,146500
489,86000
269,148000
408,280000
1448,112000
875,303477
1374,250000
283,244600
984,126000
839,130500
399,241000
883,118500
406,115000
512,129900
338,202500
363,118000
692,335000
1334,125000
983,255900
320,342643
427,109008
195,148500
1231,132500
900,110000
70,244000
1125,115000
794,194500
10,129500
1026,167500
686,227875
1247,169900
271,241500
445,127500
654,350000
1280,227000
898,611657
64,219500
682,173000
960,116500
1384,105000
1100,60000
416,149500
1034,119750
853,158000
472,148000
1011,100000
328,214500
608,359100
1283,139000
452,204000
1227,147000
530,175000
1399,137450
922,169990
912,88000
418,126000
906,255000
751,162000
828,185000
1296,155000
901,153000
1038,97000
716,159500
1069,135000
1226,214000
500,113000
471,190000
1447,240000
487,175000
1336,135000
1177,115000
131,244000
15,132000
1086,83500
911,143500
435,212000
1369,232000
476,208900
1150,124000
466,167000
1127,259000
1424,144000
587,137000
1157,230000
938,239799
1224,184000
721,143000
402,108000
1457,266500
187,135000
191,184000
103,198900
789,187500
60,158000
1064,154000
536,188000
1110,188000
553,108000
887,135500
1268,381000
1378,83000
165,127500
934,242000
758,179400
473,440000
82,245000
1148,116900
657,149000
1045,139600
349,437154
1291,119500
1270,260000
371,134432
117,155000
831,151000
252,173000
1426,271000
311,132000
1133,239500
395,129000
358,130000
263,130000
359,280000
985,125000
1140,139000
1349,122000
726,222000
1393,163000
16,149000
995,121600
1139,144000
761,100000
351,190000
539,272000
1330,227000
969,140000
996,136500
97,94750
1072,91500
1271,185750
196,311872
183,200000
1281,180000
1417,340000
1196,219210
1406,133000
533,39300
674,140000
81,153500
1220,115000
397,169500
267,179500
386,81000
1266,122000
132,150750
265,175500
943,143000
1203,213000
88,85000
1412,90000
565,128000
1130,135000
294,167000
261,276000
1263,180500
629,168500
1431,143750
1414,207000
405,150000
356,173000
239,113000
884,100000
1428,119000
1453,84500
895,140000
988,195000
1442,310000
1001,86000
453,210000
110,136900
1189,189000
1240,224900
1169,625000
1146,180000
503,289000
1449,92000
1063,110500
711,102776
801,109900
864,250580
367,165000
1444,179600
384,240000
200,140000
65,317000
957,132000
783,165500
272,290000
1267,378500
757,158900
1087,252000
744,180000
541,248000
478,297000
808,159950
1126,174000
1310,335000
1180,250000
188,153337
1259,151000
981,336000
904,125500
316,260000
214,161750
878,148000
1398,138000
1400,120000
531,128000
255,230000
30,40000
1115,318000
230,148000
844,153900
893,165000
913,145000
793,225000
1377,117000
264,73000
101,178000
13,279500
1135,102000
790,160200
784,128000
944,137500
841,157500
566,325000
935,79900
1372,274300
523,184750
1352,134900
495,34900
1158,235128
942,150000
670,173500
933,190000
1202,117000
1093,146000
366,159000
1041,173000
228,125000
417,239000
206,143900
79,110000
190,315000
492,172785
725,120500
145,130000
1015,227000
318,260000
820,183000
1186,95000
457,256000
144,125000
1210,189000
992,187000
824,232600
760,127500
1459,147500
592,138000
1154,201800
918,238000
83,126500
154,125000
999,206000
1395,281213
748,260400
127,87000
1309,179200
880,157000
403,258000
150,122000
1061,81000
413,115000
955,145000
1324,147000
987,395192
717,157000
840,140000
805,227680
847,133500
352,95000
95,185000
625,160000
571,120000
37,153000
485,147000
143,204000
762,215200
158,254900
552,255500
818,155000
792,269790
982,159895
1046,556581
746,236000
236,185500
920,201000
222,179900
1279,68400
1170,171000
940,150900
661,402000
588,143000
881,187500
1258,190000
62,202500
1277,197900
193,130000
235,89500
181,200100
1174,239000
892,154500
923,193000
521,150000
669,137500
829,147400
924,207500
1027,293077
733,131400
382,213500
1232,101800
1354,235000
331,139000
798,485000
262,151000
6,307000
266,185000
38,109000
1416,122500
545,229000
118,320000
652,191000
785,161500
1023,191000
105,250000
1091,160000
484,132500
1408,125500
842,174900
683,285000
20,325300
242,79000
50,177000
162,220000
441,118000
731,187500
764,270000
877,350000
1178,154900
301,267000
1052,165000
172,239000
707,254000
658,97500
1095,176432
284,179200
1036,315500
1262,161500
1445,129000
1456,210000
1191,174000
1197,144000
668,168000
1346,262500
210,98000
344,85000
306,225000
217,107000
1432,64500
289,153575
378,394432
167,325624
421,215000
225,112000
616,183200
12,144000
522,159000
1092,136500
68,80000
90,109900
1188,195000
380,127000
950,129000
372,125000
258,231500
1236,175500
1239,265900
304,295000
1305,325000
410,60000
1411,140000
970,135000
42,144000
208,277000
532,107500
974,167500
490,115000
596,114504
74,107400
515,402861
285,164700
1187,262000
71,129500
561,170000
179,100000
915,75000
1368,144000
493,155000
116,139000
293,235000
76,135750
48,113000
861,131500
775,162000
772,107000
1205,271900
1005,149900
332,284000
576,145000
622,135000
564,268000
1012,165000
1423,274970
409,339750
636,60000
1451,287090
1437,394617
1229,127000
288,122000
994,337500
630,124000
524,315750
157,269500
337,214000
1380,58500
496,430000
46,239686
747,265979
135,174000
753,275500
462,62383
953,172000
862,152000
439,110000
177,172500
570,142600
1278,237000
424,139000
325,87000
643,152000
664,423000
350,318061
447,199900
916,35311
17,90000
1332,100000
1099,157000
1433,186500
1032,310000
946,143000
1360,189000
345,140200
475,132500
313,375000
754,156000
1123,118000
451,280000
170,128500
699,196000
1458,142125
133,220000
813,157900
1234,130000
1165,233170
830,166000
78,136500
1287,190000
346,151500
396,123000
1193,165000
389,426000
385,192000
1347,283463
119,163990
1103,159500
1113,134500
229,192500
1235,138887
21,139400
1379,167500
766,196500
392,106500
250,76500
243,120000
1079,126000
35,309000
593,140000
671,103600
507,208300
1440,191000
1089,197000
961,272000
1181,392500
109,190000
937,253000
379,179000
869,236000
614,75500
604,221000
968,37900
1311,203000
627,153000
796,143500
902,180000
660,197900
582,118500
936,184900
723,135000
171,215000
677,109500
238,318000
700,312500
1062,90000
1222,143000
856,147000
709,109900
1434,160000
321,354000
120,180000
1295,138500
155,79000
1238,142500
624,165150
138,230000
125,84500
456,98000
66,180000
848,240000
745,299800
1056,185850
780,176000
1286,143000
626,139900
605,205000
1443,121000
1209,290000
178,501837
1376,91000
415,181134
100,205000
1230,190000
219,167240
741,142000
334,192000
1190,168000
114,259500
834,139950
681,159434
833,167000
220,204900
391,215000
1344,155835
939,244400
309,360000
1306,202500
1366,193000
527,446261
1010,135000
245,241500
685,207500
518,211000
1050,176485
1044,278000
1370,105000
971,173000
394,109000
640,274000
104,169500
815,224900
1059,220000
1149,143000
720,275000
814,116000
51,114500
602,220000
354,140000
1371,165500
460,263435
22,230000
374,219500
538,158000
1160,146000
218,311500
585,369900
1024,287000
1365,216000
1131,93500
1054,255000
414,228000
205,180500
1183,120000
497,184000
516,158000
702,361919
1137,94000
676,87000
375,61000
975,165000
185,475000
1132,117500
404,168000
706,302000
419,142000
1185,104900
173,163000
690,141000
827,189000
428,195400
1076,170000
1256,301500
718,341000
282,207500
1088,137500
1219,91500
635,200000
738,179000
499,120000
691,755000
0,208500
926,285000
1147,174500
1151,149900
327,145250
102,118964
213,156000
852,164000
246,137000
1439,197000
1175,285000
1315,206900
1098,128000
1364,144152
365,147000
248,180000
736,93500
26,134800
836,153500
1319,111000
680,143000
1121,212900
3,140000
134,180000
837,100000
355,177500
292,131000
698,138500
1048,115000
1242,170000
369,162000
1199,148000
226,290000
339,155000
1302,290000
603,151000
454,188000
63,140000
990,348000
237,194500
650,205950
112,383970
1436,120500
1212,113000
577,164500
126,128000
1008,240000
1156,179900
851,215000
694,141500
137,171000
1009,102000
1179,93000
7,200000
502,140000
854,170000
947,270000
631,209500
929,222000
1325,55000
407,177000
1422,136500
357,134000
153,235000
343,266000
305,305900
1303,232000
612,261500
1145,149000
280,228500
1249,119000
1413,257000
1080,145000
400,245500
468,250000
504,147000
534,178000
1016,203000
903,240000
1253,294000
550,140000
1297,140000
1184,186700
945,124900
163,103200
336,377426
59,124900
1118,140000
1361,260000
1407,112000
449,120000
855,127000
1142,424870
1136,119000
1299,154000
437,119000
786,139000
873,133000
1343,177000
819,224000
1006,163500
586,130000
941,214000
348,154000
1194,158000
1028,105000
463,188700
1363,156932
653,135000
573,170000
647,155000
595,319000
890,122900
470,212000
800,200000
281,185000
932,320000
732,222500
715,165000
832,237000
951,119900
1144,80000
1037,287000
1168,235000
455,175500
584,133000
147,222500
160,162500
1111,205000
750,96500
1117,130000
859,250000
952,133900
1218,80500
628,135000
606,152000
164,152000
106,100000
1040,155000
617,105500
1215,125000
329,78000
480,326000
498,130000
1356,110000
93,133900
809,106000
433,181000
1107,274725
43,130250
860,189950
1275,137000
967,135000
710,52000
1425,142000
1391,124000
765,264132
885,328900
556,141000
1388,377500
69,225000
514,96500
509,124500
340,202900
221,200000
146,105000
1053,144500
1138,196000
803,582933
508,161000
1362,104900
176,211000
804,118000
168,183500
1261,128900
1341,155000
129,150000
189,286000
136,143000
1327,130500
894,118858
197,235000
290,233230
36,145000
767,160000
232,94500
645,143250
33,165500
1112,129900
1410,230000
1068,151400
865,148500
341,82000
1085,147000
199,274900
429,175000
1438,149700
876,132250
730,236500
919,176500
297,239000
73,144900
807,223500
547,129500
949,197500
1342,228500
1321,72500
1328,256000
821,93000
663,137500
1241,248328
1314,119000
623,168500
1162,129000
212,252678
1035,84000
1326,79000
1353,410000
727,194500
701,140000
1022,87000
1396,160000
234,216500
1007,88000
978,110000
67,226000
24,154000
216,210000
812,55993
735,163000
1153,120500
111,180000
166,190000
1394,246578
207,141000
274,124500
41,170000
591,451950
1294,115000
525,176000
287,88000
469,187000
121,100000
1455,175000
1252,130000
928,236500
673,257500
1141,197500
886,145000
956,124000
25,256300
1134,169000
149,115000
925,175000
1176,119500
696,89000
843,141000
889,149500
598,217500
1020,176000
139,231500
749,98000
1284,169000
1004,181000
323,126175
180,177000
1272,137000
450,110000
607,225000
1043,262280
296,152000
1293,162900
1250,244000
94,204750
1367,127000
637,93000
1304,130000
286,159000
488,160000
444,210000
1208,140000
1198,178000
275,205000
806,135500
1152,230000
1206,107000
32,179900
1104,106000
307,89500
770,134900
11,345000
872,116000
1067,167900
86,174000
778,144000
1060,213500
1446,157900
1082,192000
1065,328000
782,187100
562,108000
209,145000
1172,171900
739,190000
594,110000
123,153900
734,108000
931,117500
98,83000
377,340000
130,226000
23,129900
1373,466500
555,113000
370,172400
383,76000
201,171500
917,135000
368,132000
973,182000
387,125000
816,137000
1316,295493
256,207500
1221,134000
1119,133700
169,228000
1329,176500
560,121500
373,123000
909,174000
719,128500
791,146800
954,127500
1251,171750
1167,173000
1204,153500
868,169000
972,99500
1155,218000
1421,127500
1071,154000
964,214900
774,395000
324,242000
203,149000
84,168500
633,139400
908,131000
611,148000
398,67000
91,98600
1106,179900
430,85400
779,135000
1143,80000
291,135900
57,196500
1345,108500
257,220000
888,268000
1419,223000
1066,178000
388,191000
335,228950
273,139000
756,212000
1077,138800
1409,215000
128,155000
802,189000
28,207500
1207,200000
882,178000
510,164900
675,148500
151,372402
244,205000
714,130500
543,133000
544,179665
639,264561
697,123500
1289,281000
1312,302000
423,315000
910,154300
1171,163000
659,167000
797,110000
1435,174000
1201,197900
99,128950
850,131500
448,119500
755,172500
976,85500
115,176000
777,142500
72,185000
845,171000
537,111250
849,187000
174,184000
87,164500
551,112500
705,55000
314,178000
1420,179900
600,275000
1094,129000
599,151000
277,141000
1033,230000
1383,112000
763,337000
835,128000
1216,112000
559,234000
684,221000
